Q 240 1

S 250 255 0 255 0 255 0 255 0 255 0 255 0 255 0 255 0 

Q 241 1

S 250 0 25 51 76 0 25 51 76 0 25 51 76 0 25 51 76 

Q 242 1

S 250 0 25 51 76 0 25 51 76 0 25 51 76 0 25 51 76 

Q 243 1

S 250 0 0 0 0 0 0 0 0 0 0 0 0 0 0 0 0 

Q 244 1

S 250 0 0 0 0 0 0 0 0 0 0 0 0 0 0 0 0 

Q 245 1

S 250 0 0 0 0 0 0 0 0 0 0 0 0 0 0 0 0 

Q 246 1

S 250 0 0 0 0 0 0 0 0 0 0 0 0 0 0 0 0 

Q 247 1

S 250 0 0 0 0 0 0 0 0 0 0 0 0 0 0 0 0 

Q 248 1

S 250 0 0 0 0 0 0 0 0 0 0 0 0 0 0 0 0 

Q 249 1

S 250 0 0 0 0 0 0 0 0 0 0 0 0 0 0 0 0 

Q 250 1

S 250 0 0 0 0 0 0 0 0 0 0 0 0 0 0 0 0 

Q 251 1

S 250 0 0 0 0 0 0 0 0 0 0 0 0 0 0 0 0 

Q 252 1

S 250 0 0 0 0 0 0 0 0 0 0 0 0 0 0 0 0 

Q 253 1

S 250 0 0 0 0 0 0 0 0 0 0 0 0 0 0 0 0 

Q 254 1

S 250 0 0 0 0 0 0 0 0 0 0 0 0 0 0 0 0 

Q 255 1

S 250 0 0 0 0 0 0 0 0 0 0 0 0 0 0 0 0 

